  1.88   2.11   2.55   3.10   3.67   4.09   4.25   4.07   3.61   2.99   2.36   1.81   1.41   1.21 
  2.11   2.40   2.93   3.64   4.37   4.95   5.17   4.92   4.31   3.52   2.72   2.06   1.59   1.34 
  2.55   2.93   3.68   4.69   5.82   6.76   7.16   6.73   5.74   4.55   3.43   2.53   1.91   1.60 
  3.10   3.64   4.69   6.21   8.03   9.73  10.55   9.69   7.94   6.05   4.40   3.15   2.32   1.92 
  3.67   4.37   5.82   8.03  10.94  14.14  16.21  14.10  10.84   7.84   5.48   3.80   2.75   2.24 
  4.09   4.95   6.76   9.73  14.14  20.24  26.57  20.20  14.04   9.52   6.39   4.32   3.07   2.47 
  4.25   5.17   7.16  10.55  16.21  26.57  50.00  26.53  16.10  10.34   6.78   4.52   3.18   2.55 
  4.07   4.92   6.73   9.69  14.10  20.20  26.53  20.15  14.00   9.48   6.36   4.30   3.05   2.45 
  3.61   4.31   5.74   7.94  10.84  14.04  16.10  14.00  10.74   7.75   5.41   3.75   2.70   2.20 
  2.99   3.52   4.55   6.05   7.84   9.52  10.34   9.48   7.75   5.89   4.27   3.05   2.24   1.85 
  2.36   2.72   3.43   4.40   5.48   6.39   6.78   6.36   5.41   4.27   3.20   2.35   1.77   1.47 
  1.81   2.06   2.53   3.15   3.80   4.32   4.52   4.30   3.75   3.05   2.35   1.77   1.36   1.15 
  1.41   1.59   1.91   2.32   2.75   3.07   3.18   3.05   2.70   2.24   1.77   1.36   1.06   0.91 
  1.21   1.34   1.60   1.92   2.24   2.47   2.55   2.45   2.20   1.85   1.47   1.15   0.91   0.78 
